{
 "cells": [
  {
   "cell_type": "code",
   "execution_count": 1,
   "metadata": {},
   "outputs": [],
   "source": [
    "%load_ext autoreload\n",
    "%autoreload 2\n",
    "from airo_drake.stations.single_ur3e import MakeUR3eCartStation, RunAndPublishSimulation\n",
    "from airo_drake.stations.single_ur3e_real import UR3eStationHardwareInterface, RunAndPublishOnRealHardware\n",
    "\n",
    "from pydrake.geometry import StartMeshcat"
   ]
  },
  {
   "cell_type": "code",
   "execution_count": 2,
   "metadata": {},
   "outputs": [
    {
     "name": "stderr",
     "output_type": "stream",
     "text": [
      "INFO:drake:Meshcat listening for connections at http://localhost:7001\n"
     ]
    }
   ],
   "source": [
    "meshcat = StartMeshcat()"
   ]
  },
  {
   "cell_type": "code",
   "execution_count": 3,
   "metadata": {},
   "outputs": [],
   "source": [
    "import numpy as np\n",
    "from pydrake.all import AngleAxis, PiecewisePose, Rgba, RigidTransform, RotationMatrix\n",
    "\n",
    "from airo_drake.cloth_manipulation.towel import fake_towel_keypoints, order_keypoints\n",
    "from airo_drake.geometry import top_down_orientation\n",
    "from airo_drake.visualization import VisualizePath\n",
    "from airo_drake.planners.planners_base import PlannerBase\n",
    "\n",
    "\n",
    "class DemoPlanner(PlannerBase):\n",
    "    def __init__(self, plant, meshcat):\n",
    "        super().__init__(plant, meshcat)\n",
    "        self.towel_keypoints = fake_towel_keypoints(height=0.0)  + np.array([0.45, 0, 0]).reshape((3,1))\n",
    "        VisualizePath(meshcat, \"towel_keypoints\", self.towel_keypoints, closed=True, color=Rgba(0, 1, 1), thickness=10)\n",
    "\n",
    "    def get_fold_keyposes(self, keypoints):\n",
    "        left_grasp_pose = None\n",
    "        ordered_keypoints = order_keypoints(keypoints)\n",
    "\n",
    "        top_right_corner, top_left_corner, bottom_left_corner, bottom_right_corner = ordered_keypoints.T\n",
    "\n",
    "        right_edge = top_right_corner - bottom_right_corner\n",
    "\n",
    "        topdown = RotationMatrix(top_down_orientation(right_edge))\n",
    "        tilt_angle = 15\n",
    "        gripper_y = topdown.col(1)\n",
    "        local_y_rotation = RotationMatrix(AngleAxis(np.deg2rad(tilt_angle), gripper_y))\n",
    "        grasp_orientation = local_y_rotation @ topdown\n",
    "\n",
    "        height_offset = np.array([0, 0, 0.01])\n",
    "        grasp_position_left = bottom_left_corner + height_offset\n",
    "        left_grasp_pose = RigidTransform(grasp_orientation, grasp_position_left)\n",
    "\n",
    "        edge_direction = right_edge / np.linalg.norm(right_edge)\n",
    "        pregrasp_approach_distance = 0.05\n",
    "        approach_vector = -pregrasp_approach_distance * edge_direction\n",
    "        approach_vector[2] += 0.05\n",
    "\n",
    "        left_pregrasp_pose = RigidTransform(left_grasp_pose)\n",
    "        left_pregrasp_pose.set_translation(left_pregrasp_pose.translation() + approach_vector)\n",
    "\n",
    "        local_y_rotation = RotationMatrix(AngleAxis(np.deg2rad(-tilt_angle), gripper_y))\n",
    "        release_orientation = local_y_rotation @ topdown\n",
    "        left_release_position = top_left_corner + height_offset\n",
    "        left_release_pose = RigidTransform(release_orientation, left_release_position)\n",
    "\n",
    "        fold_height_offset = np.array([0, 0, np.linalg.norm(right_edge) / 2.0])\n",
    "        left_middle_position = (grasp_position_left + left_release_position) / 2 + fold_height_offset\n",
    "\n",
    "        left_middle_pose = RigidTransform(topdown, left_middle_position)\n",
    "\n",
    "        left_retreat_position = left_release_position + np.array([0, 0, 0.1])\n",
    "        left_retreat_pose = RigidTransform(topdown, left_retreat_position)\n",
    "\n",
    "        keyposes = {\n",
    "            \"pregrasp\": left_pregrasp_pose,\n",
    "            \"grasp\": left_grasp_pose,\n",
    "            \"middle\": left_middle_pose,\n",
    "            \"release\": left_release_pose,\n",
    "            \"retreat\": left_retreat_pose,\n",
    "        }\n",
    "\n",
    "        return keyposes\n",
    "\n",
    "\n",
    "\n",
    "    def Plan(self, context, state):\n",
    "        keyposes = self.get_fold_keyposes(self.towel_keypoints)\n",
    "        self.tcp_keyposes = {\"initial\": self.inital_tcp, **keyposes}\n",
    "        times = {\"initial\": 0.0, \"pregrasp\": 2.0, \"grasp\": 2.5, \"middle\": 3.25, \"release\": 4.0, \"retreat\": 5.0}\n",
    "\n",
    "        def FoldingTrajectory(keyposes_dict, times_dict):\n",
    "            keyposes = list(keyposes_dict.values())\n",
    "            times = list(times_dict.values())\n",
    "            pose_trajectory = PiecewisePose.MakeCubicLinearWithEndLinearVelocity(times, keyposes)\n",
    "            return pose_trajectory\n",
    "\n",
    "\n",
    "        self.tcp_trajectory = FoldingTrajectory(self.tcp_keyposes, times)\n",
    "\n",
    "        self.UpdatePlanVisualization()\n",
    "\n"
   ]
  },
  {
   "cell_type": "code",
   "execution_count": 6,
   "metadata": {},
   "outputs": [
    {
     "name": "stdout",
     "output_type": "stream",
     "text": [
      "\n",
      "    directives:\n",
      "    - add_directives:\n",
      "        file: package://airo_drake_models/ur3e.dmd.yaml\n",
      "    \n",
      "WARNING: CopyModelBetweenPlants not implemented correctly yet!\n"
     ]
    }
   ],
   "source": [
    "# station = MakeUR3eCartStation()\n",
    "# plant = station.GetSubsystemByName(\"plant\")\n",
    "# planner = DemoPlanner(plant, meshcat) # Change this to your planner to test.\n",
    "# RunAndPublishSimulation(station, planner, meshcat)\n"
   ]
  },
  {
   "cell_type": "code",
   "execution_count": 5,
   "metadata": {},
   "outputs": [
    {
     "name": "stdout",
     "output_type": "stream",
     "text": [
      "RECEIVED POSE\n",
      "[0.1379993668661703, -0.16094517286761728, 0.1699000936288906, -3.1055637208046423, -0.005684486269960845, -0.029064676179565402]\n",
      "[[ 0.9998182   0.00399511  0.01864441  0.13799937]\n",
      " [ 0.00332355 -0.99934941  0.03591264 -0.16094517]\n",
      " [ 0.01877576 -0.03584415 -0.999181    0.16990009]\n",
      " [ 0.          0.          0.          1.        ]]\n",
      "RECEIVED POSE\n",
      "[0.1379815008420165, -0.16095182471444844, 0.16989540906334852, -3.1055890767289895, -0.005667264587537666, -0.029011356054670902]\n",
      "[[ 0.99981888  0.00398315  0.01861019  0.1379815 ]\n",
      " [ 0.00331328 -0.99935034  0.03588767 -0.16095182]\n",
      " [ 0.01874105 -0.03581951 -0.99918253  0.16989541]\n",
      " [ 0.          0.          0.          1.        ]]\n",
      "RECEIVED POSE\n",
      "[0.13799215256137767, -0.1609527040785546, 0.1699005897286976, -3.1055883324360427, -0.005611273158944971, -0.02904628059568485]\n",
      "[[ 0.99981859  0.00394751  0.01863332  0.13799215]\n",
      " [ 0.00327683 -0.99935045  0.03588789 -0.1609527 ]\n",
      " [ 0.01876289 -0.03582032 -0.99918209  0.16990059]\n",
      " [ 0.          0.          0.          1.        ]]\n",
      "RECEIVED POSE\n",
      "[0.1393535074259928, -0.16149034447572685, 0.16990883816459437, -3.0940806217704453, -0.12614832671679696, -0.043620856601828434]\n",
      "[[ 0.99628672  0.08197819  0.02631245  0.13935351]\n",
      " [ 0.08072125 -0.99568736  0.0457249  -0.16149034]\n",
      " [ 0.02994742 -0.04343113 -0.99860747  0.16990884]\n",
      " [ 0.          0.          0.          1.        ]]\n",
      "RECEIVED POSE\n",
      "[0.1432237183184074, -0.16302138016937434, 0.16982159561971732, -3.07772694588565, -0.24554623872652556, -0.05795989217030343]\n",
      "[[ 0.98665975  0.15938919  0.0331305   0.14322372]\n",
      " [ 0.15738027 -0.98593076  0.05632045 -0.16302138]\n",
      " [ 0.04164125 -0.05035503 -0.9978629   0.1698216 ]\n",
      " [ 0.          0.          0.          1.        ]]\n",
      "RECEIVED POSE\n",
      "[0.14942172355255237, -0.1654244260185996, 0.1696258576219731, -3.056809429738767, -0.3641678611781466, -0.07231779753772088]\n",
      "[[ 0.97095227  0.23603745  0.03921751  0.14942172]\n",
      " [ 0.23311222 -0.97011318  0.06737294 -0.16542443]\n",
      " [ 0.05394796 -0.05627383 -0.99695681  0.16962586]\n",
      " [ 0.          0.          0.          1.        ]]\n",
      "RECEIVED POSE\n",
      "[0.15765539145667526, -0.16851876194810458, 0.16921187284193667, -3.0315059446694037, -0.48144690406626195, -0.08644745781838846]\n",
      "[[ 0.94931456  0.31117423  0.04441241  0.15765539]\n",
      " [ 0.30718686 -0.94838692  0.07873044 -0.16851876]\n",
      " [ 0.06661903 -0.06109705 -0.99590615  0.16921187]\n",
      " [ 0.          0.          0.          1.        ]]\n",
      "RECEIVED POSE\n",
      "[0.16765275973348281, -0.1722216485006967, 0.16845757292665486, -3.001635761656365, -0.5975805373950108, -0.10043158743145415]\n",
      "[[ 0.92180648  0.38457697  0.04871717  0.16765276]\n",
      " [ 0.37937404 -0.92080367  0.09053144 -0.17222165]\n",
      " [ 0.07967525 -0.06497044 -0.99470131  0.16845757]\n",
      " [ 0.          0.          0.          1.        ]]\n",
      "RECEIVED POSE\n",
      "[0.17913599124870452, -0.17636075554732047, 0.16728557107945122, -2.9673771553720676, -0.7120722298415857, -0.11415295850611423]\n",
      "[[ 0.88867503  0.45557361  0.05205155  0.17913599]\n",
      " [ 0.44901492 -0.8876089   0.10264522 -0.17636076]\n",
      " [ 0.09296387 -0.06784632 -0.99335522  0.16728557]\n",
      " [ 0.          0.          0.          1.        ]]\n",
      "RECEIVED POSE\n",
      "[0.19188411246563405, -0.18082629903310013, 0.16573367817427895, -2.92921976515163, -0.8251661027105528, -0.127589774685906]\n",
      "[[ 0.85004949  0.52387559  0.05449983  0.19188411]\n",
      " [ 0.51587088 -0.84897579  0.11453099 -0.1808263 ]\n",
      " [ 0.10626903 -0.06924213 -0.9919236   0.16573368]\n",
      " [ 0.          0.          0.          1.        ]]\n",
      "RECEIVED POSE\n",
      "[0.2055374470571842, -0.18535386687806754, 0.16335073229910724, -2.8859238224093393, -0.9357878219284522, -0.1408670306598516]\n",
      "[[ 0.80635485  0.58879633  0.05577401  0.20553745]\n",
      " [ 0.57912271 -0.80519337  0.1275952  -0.18535387]\n",
      " [ 0.12003645 -0.07058701 -0.9902569   0.16335073]\n",
      " [ 0.          0.          0.          1.        ]]\n",
      "RECEIVED POSE\n",
      "[0.21999222613574765, -0.1899356084045825, 0.1605975587151718, -2.8395328597917437, -1.0453143599355619, -0.15380528851198633]\n",
      "[[ 0.75753018  0.65036384  0.05634628  0.21999223]\n",
      " [ 0.63903038 -0.75641859  0.13953884 -0.18993561]\n",
      " [ 0.13337239 -0.0696979  -0.98861216  0.16059756]\n",
      " [ 0.          0.          0.          1.        ]]\n",
      "RECEIVED POSE\n",
      "[0.23483308331066524, -0.1943899812805561, 0.1569721410828535, -2.788752324931544, -1.1523710648714598, -0.166423571176201]\n",
      "[[ 0.7041829   0.70782265  0.05579912  0.23483308]\n",
      " [ 0.69468779 -0.70309007  0.15189875 -0.19438998]\n",
      " [ 0.14674918 -0.06820153 -0.98681976  0.15697214]\n",
      " [ 0.          0.          0.          1.        ]]\n",
      "RECEIVED POSE\n",
      "[0.2498057896729831, -0.19858070243818765, 0.15233747204423376, -2.73358639552575, -1.256594261615073, -0.17880616084359097]\n",
      "[[ 0.64673488  0.76079521  0.0540799   0.24980579]\n",
      " [ 0.74568307 -0.64560202  0.16478709 -0.1985807 ]\n",
      " [ 0.16028332 -0.06624709 -0.98484546  0.15233747]\n",
      " [ 0.          0.          0.          1.        ]]\n",
      "RECEIVED POSE\n",
      "[0.2648481581430432, -0.202308256381972, 0.14710264778732154, -2.6753501682330643, -1.359899484737657, -0.1908634295758279]\n",
      "[[ 0.58482788  0.80949989  0.05182931  0.26484816]\n",
      " [ 0.79249176 -0.58383107  0.1763465  -0.20230826]\n",
      " [ 0.17301203 -0.06205805 -0.98296268  0.14710265]\n",
      " [ 0.          0.          0.          1.        ]]\n",
      "RECEIVED POSE\n",
      "[0.2794340693314735, -0.20546448327327146, 0.14064389926266602, -2.6129351116727193, -1.459742955701703, -0.2025431211601179]\n",
      "[[ 0.51974328  0.85295595  0.04830182  0.27943407]\n",
      " [ 0.83388443 -0.51879077  0.18839557 -0.20546448]\n",
      " [ 0.18575166 -0.0576392  -0.98090471  0.1406439 ]\n",
      " [ 0.          0.          0.          1.        ]]\n",
      "RECEIVED POSE\n",
      "[0.29337739864395684, -0.2079787654468781, 0.1330086947907779, -2.546823451458663, -1.5566884778005121, -0.2139395151341649]\n",
      "[[ 0.45164388  0.89112414  0.04376726  0.2933774 ]\n",
      " [ 0.8698927  -0.45072283  0.20033876 -0.20797877]\n",
      " [ 0.19825361 -0.05240896 -0.97874859  0.13300869]\n",
      " [ 0.          0.          0.          1.        ]]\n",
      "RECEIVED POSE\n",
      "[0.3065961360615314, -0.20951184340160534, 0.12443389709055164, -2.477416987843973, -1.6521101757573038, -0.22487369558038814]\n",
      "[[ 0.38026225  0.92407326  0.0385905   0.30659614]\n",
      " [ 0.90077018 -0.3794922   0.21118418 -0.20951184]\n",
      " [ 0.20979444 -0.0455442  -0.9766842   0.1244339 ]\n",
      " [ 0.          0.          0.          1.        ]]\n",
      "RECEIVED POSE\n",
      "[0.3185339700030173, -0.21018642839033244, 0.11439735939782583, -2.4045993719134673, -1.743685233563589, -0.2355821090416475]\n",
      "[[ 0.30712785  0.95111673  0.03239527  0.31853397]\n",
      " [ 0.92561324 -0.30645691  0.22209073 -0.21018643]\n",
      " [ 0.22116196 -0.03822475 -0.97448769  0.11439736]\n",
      " [ 0.          0.          0.          1.        ]]\n",
      "RECEIVED POSE\n",
      "[0.32912614967411263, -0.20971354166428607, 0.10301458738379851, -2.32849785440187, -1.8326187423538303, -0.24578958981884472]\n",
      "[[ 0.23202315  0.97237987  0.02535046  0.32912615]\n",
      " [ 0.9446955  -0.23147385  0.232315   -0.20971354]\n",
      " [ 0.2317664  -0.029954   -0.97231018  0.10301459]\n",
      " [ 0.          0.          0.          1.        ]]\n",
      "RECEIVED POSE\n",
      "[0.33812904550961587, -0.20789382886951063, 0.09028815805103835, -2.2492196674176377, -1.9190028952828377, -0.25563644694332965]\n",
      "[[ 0.15529017  0.98771078  0.01767399  0.33812905]\n",
      " [ 0.9578934  -0.15492785  0.24173869 -0.20789383]\n",
      " [ 0.2415061  -0.02060984 -0.97018042  0.09028816]\n",
      " [ 0.          0.          0.          1.        ]]\n",
      "RECEIVED POSE\n",
      "[0.34514047356994515, -0.20478120454082388, 0.075955096957497, -2.1670544871926287, -2.0018436164738618, -0.2650876167639634]\n",
      "[[ 0.07796165  0.9969138   0.00921133  0.34514047]\n",
      " [ 0.96495105 -0.07777794  0.25063931 -0.2047812 ]\n",
      " [ 0.25058223 -0.01065177 -0.96803672  0.0759551 ]\n",
      " [ 0.          0.          0.          1.        ]]\n",
      "RECEIVED POSE\n",
      "[0.35002202636561147, -0.20005513236963585, 0.06007179743017593, -2.081941754041632, -2.081851470963058, -0.27399685558903075]\n",
      "[[ 2.68138759e-05  9.99999992e-01  1.25823994e-04  3.50022026e-01]\n",
      " [ 9.65978924e-01 -5.84423409e-05  2.58620795e-01 -2.00055132e-01]\n",
      " [ 2.58620801e-01  1.14608701e-04 -9.65978917e-01  6.00717974e-02]\n",
      " [ 0.00000000e+00  0.00000000e+00  0.00000000e+00  1.00000000e+00]]\n",
      "RECEIVED POSE\n",
      "[0.3524417523548528, -0.1935794074283742, 0.042712287500216134, -2.0816020223408476, -2.081531231367316, -0.27405303412364707]\n",
      "[[ 5.40630249e-05  9.99999987e-01 -1.52231729e-04  3.52441752e-01]\n",
      " [ 9.65882928e-01 -1.27937183e-05  2.58979090e-01 -1.93579407e-01]\n",
      " [ 2.58979085e-01 -1.61039221e-04 -9.65882916e-01  4.27122875e-02]\n",
      " [ 0.00000000e+00  0.00000000e+00  0.00000000e+00  1.00000000e+00]]\n",
      "RECEIVED POSE\n",
      "[0.35313147464606554, -0.18537706273880983, 0.02644858089696908, -2.081539779086534, -2.081643037897124, -0.27406067319955324]\n",
      "[[-3.16986782e-05  9.99999990e-01 -1.35942417e-04  3.53131475e-01]\n",
      " [ 9.65888879e-01  6.58206264e-05  2.58956885e-01 -1.85377063e-01]\n",
      " [ 2.58956892e-01 -1.23096678e-04 -9.65888872e-01  2.64485809e-02]\n",
      " [ 0.00000000e+00  0.00000000e+00  0.00000000e+00  1.00000000e+00]]\n",
      "RECEIVED POSE\n",
      "[0.3525784447372248, -0.1754939351787803, 0.013873531506501502, -2.081763813427971, -2.0818429386944333, -0.273972822015511]\n",
      "[[-4.00857157e-05  9.99999999e-01  1.57886391e-05  3.52578445e-01]\n",
      " [ 9.65956057e-01  3.46364212e-05  2.58706193e-01 -1.75493935e-01]\n",
      " [ 2.58706192e-01  2.56215545e-05 -9.65956058e-01  1.38735315e-02]\n",
      " [ 0.00000000e+00  0.00000000e+00  0.00000000e+00  1.00000000e+00]]\n",
      "RECEIVED POSE\n",
      "[0.3512755874172721, -0.16365764776178182, 0.0074602499083953056, -2.0816751523863632, -2.081702093553925, -0.27396735166026415]\n",
      "[[-1.01611218e-06  9.99999996e-01 -9.05852831e-05  3.51275587e-01]\n",
      " [ 9.65925340e-01  2.44268495e-05  2.58820860e-01 -1.63657648e-01]\n",
      " [ 2.58820862e-01 -8.72356293e-05 -9.65925336e-01  7.46024991e-03]\n",
      " [ 0.00000000e+00  0.00000000e+00  0.00000000e+00  1.00000000e+00]]\n",
      "RECEIVED POSE\n",
      "[0.35001671735416323, -0.1500838674465706, 0.01005638575328971, -2.0817561111753027, -2.08199674863788, -0.27384910272884133]\n",
      "[[-1.16600466e-04  9.99999993e-01  7.70674102e-06  3.50016717e-01]\n",
      " [ 9.65989121e-01  1.10641952e-04  2.58582688e-01 -1.50083867e-01]\n",
      " [ 2.58582685e-01  3.75954897e-05 -9.65989127e-01  1.00563858e-02]\n",
      " [ 0.00000000e+00  0.00000000e+00  0.00000000e+00  1.00000000e+00]]\n",
      "RECEIVED POSE\n",
      "[0.3491097187453223, -0.13447188656384235, 0.023113442596001094, -2.1011633628709507, -2.101269102316396, -0.23958299251750412]\n",
      "[[-4.98659572e-05  9.99999999e-01 -4.00818827e-06  3.49109719e-01]\n",
      " [ 9.74332451e-01  4.94883193e-05  2.25113908e-01 -1.34471887e-01]\n",
      " [ 2.25113908e-01  7.32021259e-06 -9.74332453e-01  2.31134426e-02]\n",
      " [ 0.00000000e+00  0.00000000e+00  0.00000000e+00  1.00000000e+00]]\n",
      "RECEIVED POSE\n",
      "[0.3486479479687071, -0.11734829063249247, 0.04447208700863439, -2.1206781765208667, -2.120455775781549, -0.20440993482301598]\n",
      "[[ 9.72989797e-05  9.99999992e-01  7.86532837e-05  3.48647948e-01]\n",
      " [ 9.81600582e-01 -1.10527247e-04  1.90945764e-01 -1.17348291e-01]\n",
      " [ 1.90945771e-01  5.86272811e-05 -9.81600585e-01  4.44720870e-02]\n",
      " [ 0.00000000e+00  0.00000000e+00  0.00000000e+00  1.00000000e+00]]\n",
      "RECEIVED POSE\n",
      "[0.3485483935436046, -0.09851998748204609, 0.07075734362874422, -2.1394941597506425, -2.139713436561907, -0.16858919328667718]\n",
      "[[-1.07538436e-04  9.99999992e-01  6.41667531e-05  3.48548394e-01]\n",
      " [ 9.87670742e-01  9.61675505e-05  1.56545506e-01 -9.85199875e-02]\n",
      " [ 1.56545499e-01  8.02102836e-05 -9.87670745e-01  7.07573436e-02]\n",
      " [ 0.00000000e+00  0.00000000e+00  0.00000000e+00  1.00000000e+00]]\n",
      "RECEIVED POSE\n",
      "[0.34872523994163335, -0.07841317350118095, 0.09859033804935857, -2.158182882289072, -2.158449214397255, -0.13227233734904523]\n",
      "[[-1.28413237e-04  9.99999988e-01  8.18929843e-05  3.48725240e-01]\n",
      " [ 9.92527320e-01  1.17460856e-04  1.22022563e-01 -7.84131735e-02]\n",
      " [ 1.22022552e-01  9.69503366e-05 -9.92527323e-01  9.85903380e-02]\n",
      " [ 0.00000000e+00  0.00000000e+00  0.00000000e+00  1.00000000e+00]]\n",
      "RECEIVED POSE\n",
      "[0.34896863200012973, -0.057200094010393165, 0.12452638804924926, -2.1766335441003255, -2.1763188924675654, -0.09511270695068723]\n",
      "[[ 1.55717211e-04  9.99999956e-01 -2.54339250e-04  3.48968632e-01]\n",
      " [ 9.96165061e-01 -1.32866960e-04  8.74937328e-02 -5.72000940e-02]\n",
      " [ 8.74936951e-02 -2.66988154e-04 -9.96165038e-01  1.24526388e-01]\n",
      " [ 0.00000000e+00  0.00000000e+00  0.00000000e+00  1.00000000e+00]]\n",
      "RECEIVED POSE\n",
      "[0.3494360124472818, -0.03486777174311022, 0.1455132588886623, -2.194644182365421, -2.194883071382172, -0.05760199668554595]\n",
      "[[-1.07134125e-04  9.99999992e-01 -6.51103023e-05  3.49436012e-01]\n",
      " [ 9.98620055e-01  1.10405647e-04  5.25164194e-02 -3.48677717e-02]\n",
      " [ 5.25164262e-02 -5.93941530e-05 -9.98620059e-01  1.45513259e-01]\n",
      " [ 0.00000000e+00  0.00000000e+00  0.00000000e+00  1.00000000e+00]]\n",
      "RECEIVED POSE\n",
      "[0.3498202942163344, -0.011807062311274222, 0.15801483113731304, -2.212707178144383, -2.21269183544877, -0.019455926156515008]\n",
      "[[ 6.11679674e-06  9.99999996e-01  9.34272590e-05  3.49820294e-01]\n",
      " [ 9.99847021e-01 -7.74999536e-06  1.74909800e-02 -1.18070623e-02]\n",
      " [ 1.74909807e-02  9.33059778e-05 -9.99847017e-01  1.58014831e-01]\n",
      " [ 0.00000000e+00  0.00000000e+00  0.00000000e+00  1.00000000e+00]]\n",
      "RECEIVED POSE\n",
      "[0.35005948479930593, 0.011983262508109067, 0.15876828699041212, 2.212706915290915, 2.2128244752336377, -0.01930308288792074]\n",
      "[[-5.39012846e-05  9.99999995e-01 -8.90945528e-05  3.50059485e-01]\n",
      " [ 9.99849369e-01  5.23468271e-05 -1.73561520e-02  1.19832625e-02]\n",
      " [-1.73561472e-02 -9.00166514e-05 -9.99849367e-01  1.58768287e-01]\n",
      " [ 0.00000000e+00  0.00000000e+00  0.00000000e+00  1.00000000e+00]]\n",
      "RECEIVED POSE\n",
      "[0.3503290549611063, 0.035889393282131525, 0.14775629978992103, 2.195148192054882, 2.194703519039405, -0.05735850166877436]\n",
      "[[ 2.02871731e-04  9.99999979e-01  1.07256834e-05  3.50329055e-01]\n",
      " [ 9.98634279e-01 -2.02034306e-04 -5.22449671e-02  3.58893933e-02]\n",
      " [-5.22449639e-02  2.13100620e-05 -9.98634299e-01  1.47756300e-01]\n",
      " [ 0.00000000e+00  0.00000000e+00  0.00000000e+00  1.00000000e+00]]\n",
      "RECEIVED POSE\n",
      "[0.3504009023291735, 0.059642889546427935, 0.12806394215582945, 2.1765758213844824, 2.176997881705495, -0.09480357782622523]\n",
      "[[-1.88949987e-04  9.99999976e-01  1.13323853e-04  3.50400902e-01]\n",
      " [ 9.96204473e-01  1.98096957e-04 -8.70437160e-02  5.96428895e-02]\n",
      " [-8.70437363e-02  9.64468207e-05 -9.96204486e-01  1.28063942e-01]\n",
      " [ 0.00000000e+00  0.00000000e+00  0.00000000e+00  1.00000000e+00]]\n",
      "RECEIVED POSE\n",
      "[0.3503708071937326, 0.08226955074000009, 0.10277610888484673, 2.1580967997417204, 2.1587332254194123, -0.13187119280901666]\n",
      "[[-2.93050088e-04  9.99999957e-01  2.95863133e-05  3.50370807e-01]\n",
      " [ 9.92560785e-01  2.94472164e-04 -1.21749747e-01  8.22695507e-02]\n",
      " [-1.21749750e-01 -6.31255953e-06 -9.92560829e-01  1.02776109e-01]\n",
      " [ 0.00000000e+00  0.00000000e+00  0.00000000e+00  1.00000000e+00]]\n",
      "RECEIVED POSE\n",
      "[0.3502858125549722, 0.10324916813259907, 0.075134115988788, 2.139393628222124, 2.1400649425715734, -0.16837284583244386]\n",
      "[[-3.18420768e-04  9.99999948e-01 -5.95422525e-05  3.50285813e-01]\n",
      " [ 9.87705433e-01  3.05197924e-04 -1.56326211e-01  1.03249168e-01]\n",
      " [-1.56326185e-01 -1.08587718e-04 -9.87705478e-01  7.51341160e-02]\n",
      " [ 0.00000000e+00  0.00000000e+00  0.00000000e+00  1.00000000e+00]]\n",
      "RECEIVED POSE\n",
      "[0.3501926921251781, 0.12194725730965535, 0.048371321890883445, 2.120461248652487, 2.120952639436066, -0.20411251259992036]\n",
      "[[-2.34312066e-04  9.99999972e-01 -2.70334703e-05  3.50192692e-01]\n",
      " [ 9.81652273e-01  2.24858243e-04 -1.90679744e-01  1.21947257e-01]\n",
      " [-1.90679733e-01 -7.12160322e-05 -9.81652298e-01  4.83713219e-02]\n",
      " [ 0.00000000e+00  0.00000000e+00  0.00000000e+00  1.00000000e+00]]\n",
      "RECEIVED POSE\n",
      "[0.35002745964916504, 0.1376996979428601, 0.02556242853333096, 2.101345551548438, 2.1015252457648708, -0.23955431860936938]\n",
      "[[-1.06367847e-04  9.99999978e-01 -1.83125531e-04  3.50027460e-01]\n",
      " [ 9.74386786e-01  6.24624120e-05 -2.24878606e-01  1.37699698e-01]\n",
      " [-2.24878589e-01 -2.02354951e-04 -9.74386771e-01  2.55624285e-02]\n",
      " [ 0.00000000e+00  0.00000000e+00  0.00000000e+00  1.00000000e+00]]\n",
      "RECEIVED POSE\n",
      "[0.3499987143151838, 0.14996339339586023, 0.010016468005290796, 2.0819068095336957, 2.081703404848979, -0.2740781835689841]\n",
      "[[ 8.57088151e-05  9.99999992e-01 -9.11536011e-05  3.49998714e-01]\n",
      " [ 9.65945323e-01 -1.06375682e-04 -2.58746250e-01  1.49963393e-01]\n",
      " [-2.58746258e-01 -6.58725601e-05 -9.65945324e-01  1.00164680e-02]\n",
      " [ 0.00000000e+00  0.00000000e+00  0.00000000e+00  1.00000000e+00]]\n",
      "RECEIVED POSE\n",
      "[0.34999680034316105, 0.15833077007060825, 0.003994398567314067, 2.0964618534351938, 2.096300478757278, -0.24801966960976563]\n",
      "[[ 8.92095114e-05  9.99999991e-01  1.03339082e-04  3.49996800e-01]\n",
      " [ 9.72366404e-01 -6.26187903e-05 -2.33460000e-01  1.58330770e-01]\n",
      " [-2.33459991e-01  1.21310304e-04 -9.72366401e-01  3.99439857e-03]\n",
      " [ 0.00000000e+00  0.00000000e+00  0.00000000e+00  1.00000000e+00]]\n",
      "RECEIVED POSE\n",
      "[0.34987273206821123, 0.16327458285345753, 0.00636261055805179, 2.11100472443818, 2.1109460537787355, -0.22191088053833077]\n",
      "[[ 2.75242392e-05  1.00000000e+00 -2.55808502e-06  3.49872732e-01]\n",
      " [ 9.78140044e-01 -2.74545073e-05 -2.07947237e-01  1.63274583e-01]\n",
      " [-2.07947237e-01  3.22142410e-06 -9.78140045e-01  6.36261056e-03]\n",
      " [ 0.00000000e+00  0.00000000e+00  0.00000000e+00  1.00000000e+00]]\n",
      "RECEIVED POSE\n",
      "[0.34987475232285004, 0.16519360923487522, 0.015525524090924447, 2.125488909678507, 2.125249207078486, -0.19532190538845384]\n",
      "[[ 1.12847750e-04  9.99999994e-01  7.19373269e-07  3.49874752e-01]\n",
      " [ 9.83248148e-01 -1.10826221e-04 -1.82271959e-01  1.65193609e-01]\n",
      " [-1.82271958e-01  2.12763030e-05 -9.83248154e-01  1.55255241e-02]\n",
      " [ 0.00000000e+00  0.00000000e+00  0.00000000e+00  1.00000000e+00]]\n",
      "RECEIVED POSE\n",
      "[0.3497998923866075, 0.16489366083727647, 0.02938961013229166, 2.1396348970373795, 2.139672846272197, -0.16876192532584158]\n",
      "[[-3.39357919e-05  9.99999978e-01 -2.05659252e-04  3.49799892e-01]\n",
      " [ 9.87667313e-01  1.31778527e-06 -1.56567170e-01  1.64893661e-01]\n",
      " [-1.56567167e-01 -2.08436151e-04 -9.87667292e-01  2.93896101e-02]\n",
      " [ 0.00000000e+00  0.00000000e+00  0.00000000e+00  1.00000000e+00]]\n",
      "RECEIVED POSE\n",
      "[0.3498027678350149, 0.16292339182672216, 0.046265737769870086, 2.153693148031734, 2.1537494960702634, -0.14160737971189105]\n",
      "[[-4.16713016e-05  9.99999971e-01 -2.36295284e-04  3.49802768e-01]\n",
      " [ 9.91422202e-01  1.04304871e-05 -1.30698193e-01  1.62923392e-01]\n",
      " [-1.30698187e-01 -2.39714754e-04 -9.91422174e-01  4.62657378e-02]\n",
      " [ 0.00000000e+00  0.00000000e+00  0.00000000e+00  1.00000000e+00]]\n",
      "RECEIVED POSE\n",
      "[0.3498433298792129, 0.15991617336691055, 0.0642222403003686, 2.1676275183616522, 2.167645359893134, -0.11402889783273612]\n",
      "[[-2.07283993e-05  9.99999971e-01 -2.38113619e-04  3.49843330e-01]\n",
      " [ 9.94505664e-01 -4.31188474e-06 -1.04682778e-01  1.59916173e-01]\n",
      " [-1.04682776e-01 -2.38975249e-04 -9.94505636e-01  6.42222403e-02]\n",
      " [ 0.00000000e+00  0.00000000e+00  0.00000000e+00  1.00000000e+00]]\n",
      "RECEIVED POSE\n",
      "[0.3499171040271732, 0.1565193681429216, 0.08148416026160585, 2.1813219243594104, 2.1813189975404645, -0.08588162449334452]\n",
      "[[-1.41816974e-06  9.99999998e-01 -7.01625640e-05  3.49917104e-01]\n",
      " [ 9.96910095e-01 -4.09755335e-06 -7.85510215e-02  1.56519368e-01]\n",
      " [-7.85510216e-02 -7.00571670e-05 -9.96910092e-01  8.14841603e-02]\n",
      " [ 0.00000000e+00  0.00000000e+00  0.00000000e+00  1.00000000e+00]]\n",
      "RECEIVED POSE\n",
      "[0.34996568517693555, 0.15331581042361325, 0.09611339872394042, 2.194826947843326, 2.1948419832948463, -0.05748045021108379]\n",
      "[[-5.55593025e-06  9.99999999e-01  4.93808969e-05  3.49965685e-01]\n",
      " [ 9.98626640e-01  8.13542297e-06 -5.23911709e-02  1.53315810e-01]\n",
      " [-5.23911713e-02  4.90219974e-05 -9.98626638e-01  9.61133987e-02]\n",
      " [ 0.00000000e+00  0.00000000e+00  0.00000000e+00  1.00000000e+00]]\n",
      "RECEIVED POSE\n",
      "[0.3499890222660243, 0.15088123871836234, 0.10618148774985248, 2.208363107296286, 2.2081387561282044, -0.029098503916125087]\n",
      "[[ 1.00508123e-04  9.99999992e-01 -8.28727376e-05  3.49989022e-01]\n",
      " [ 9.99654925e-01 -1.02650363e-04 -2.62682558e-02  1.50881239e-01]\n",
      " [-2.62682640e-02 -8.02039672e-05 -9.99654926e-01  1.06181488e-01]\n",
      " [ 0.00000000e+00  0.00000000e+00  0.00000000e+00  1.00000000e+00]]\n",
      "RECEIVED POSE\n",
      "[0.35005479884259444, 0.1500083434134996, 0.11005536747333661, 2.221308159599101, 2.2213517993902796, 0.00022908188001916383]\n",
      "[[-1.96448972e-05  9.99999977e-01  2.14611904e-04  3.50054799e-01]\n",
      " [ 1.00000000e+00  1.96466903e-05 -8.35321049e-06  1.50008343e-01]\n",
      " [-8.35742671e-06  2.14611740e-04 -9.99999977e-01  1.10055367e-01]\n",
      " [ 0.00000000e+00  0.00000000e+00  0.00000000e+00  1.00000000e+00]]\n",
      "RECEIVED POSE\n",
      "[0.3500250925201027, 0.15001828586998714, 0.11002846937222882, 2.221259163017462, 2.221385639170777, 3.54112122896031e-05]\n",
      "[[-5.69303622e-05  9.99999989e-01  1.35011379e-04  3.50025093e-01]\n",
      " [ 9.99999993e-01  5.69442850e-05 -1.03121599e-04  1.50018286e-01]\n",
      " [-1.03129286e-04  1.35005508e-04 -9.99999986e-01  1.10028469e-01]\n",
      " [ 0.00000000e+00  0.00000000e+00  0.00000000e+00  1.00000000e+00]]\n",
      "RECEIVED POSE\n",
      "[0.35000655728403113, 0.1500259585648155, 0.11000642289060228, 2.221258650771466, 2.2214661650856264, -6.193267018705401e-05]\n",
      "[[-9.34148492e-05  9.99999994e-01  5.11828016e-05  3.50006557e-01]\n",
      " [ 9.99999990e-01  9.34203221e-05 -1.06936394e-04  1.50025959e-01]\n",
      " [-1.06941175e-04  5.11728117e-05 -9.99999993e-01  1.10006423e-01]\n",
      " [ 0.00000000e+00  0.00000000e+00  0.00000000e+00  1.00000000e+00]]\n",
      "RECEIVED POSE\n",
      "[0.3500155741123096, 0.15002728308431468, 0.11001384887795734, 2.2212294503201058, 2.221436929104691, -1.8886401038926062e-05]\n",
      "[[-9.33969937e-05  9.99999991e-01  9.97800756e-05  3.50015574e-01]\n",
      " [ 9.99999989e-01  9.34086453e-05 -1.16774526e-04  1.50027283e-01]\n",
      " [-1.16783845e-04  9.97691681e-05 -9.99999988e-01  1.10013849e-01]\n",
      " [ 0.00000000e+00  0.00000000e+00  0.00000000e+00  1.00000000e+00]]\n",
      "RECEIVED POSE\n",
      "[0.3500124840925807, 0.1500194060901914, 0.1100248251587658, 2.2212972441088543, 2.2213447650126943, -1.6326204202203208e-05]\n",
      "[[-2.13858537e-05  9.99999993e-01  1.13115955e-04  3.50012484e-01]\n",
      " [ 9.99999992e-01  2.14003113e-05 -1.27812923e-04  1.50019406e-01]\n",
      " [-1.27815343e-04  1.13113221e-04 -9.99999985e-01  1.10024825e-01]\n",
      " [ 0.00000000e+00  0.00000000e+00  0.00000000e+00  1.00000000e+00]]\n",
      "RECEIVED POSE\n",
      "[0.35001793156144057, 0.14998966155414653, 0.11000821880747122, 2.2213546295982303, 2.2213217175495683, -5.858896797615672e-05]\n",
      "[[ 1.48213032e-05  9.99999997e-01  7.69185688e-05  3.50017932e-01]\n",
      " [ 9.99999991e-01 -1.48113290e-05 -1.29671156e-04  1.49989662e-01]\n",
      " [-1.29670016e-04  7.69204900e-05 -9.99999989e-01  1.10008219e-01]\n",
      " [ 0.00000000e+00  0.00000000e+00  0.00000000e+00  1.00000000e+00]]\n",
      "RECEIVED POSE\n",
      "[0.3500417045528047, 0.14998048433596314, 0.11002111181727131, 2.221378677665929, 2.2212658326495265, 3.694693604079488e-05]\n",
      "[[ 5.08077981e-05  9.99999989e-01  1.35843302e-04  3.50041705e-01]\n",
      " [ 9.99999993e-01 -5.07938630e-05 -1.02583644e-04  1.49980484e-01]\n",
      " [-1.02576743e-04  1.35848513e-04 -9.99999986e-01  1.10021112e-01]\n",
      " [ 0.00000000e+00  0.00000000e+00  0.00000000e+00  1.00000000e+00]]\n",
      "RECEIVED POSE\n",
      "[0.3500289644699631, 0.14999188601188815, 0.11002804627341617, 2.2213714240556626, 2.221286211919446, 4.803806290924993e-05]\n",
      "[[ 3.83669946e-05  9.99999990e-01  1.34274499e-04  3.50028964e-01]\n",
      " [ 9.99999995e-01 -3.83547721e-05 -9.10271758e-05  1.49991886e-01]\n",
      " [-9.10220249e-05  1.34277991e-04 -9.99999987e-01  1.10028046e-01]\n",
      " [ 0.00000000e+00  0.00000000e+00  0.00000000e+00  1.00000000e+00]]\n",
      "RECEIVED POSE\n",
      "[0.35002902349567155, 0.14999201937214718, 0.11003073318826906, 2.2213444470909924, 2.2213132363302512, 4.9072785679517235e-05]\n",
      "[[ 1.40565892e-05  9.99999991e-01  1.34718041e-04  3.50029023e-01]\n",
      " [ 9.99999996e-01 -1.40443924e-05 -9.05363539e-05  1.49992019e-01]\n",
      " [-9.05344611e-05  1.34719313e-04 -9.99999987e-01  1.10030733e-01]\n",
      " [ 0.00000000e+00  0.00000000e+00  0.00000000e+00  1.00000000e+00]]\n"
     ]
    }
   ],
   "source": [
    "station = UR3eStationHardwareInterface()\n",
    "planner = DemoPlanner(None, meshcat) # Change this to your planner to test.\n",
    "RunAndPublishOnRealHardware(station, planner, meshcat)"
   ]
  },
  {
   "cell_type": "code",
   "execution_count": null,
   "metadata": {},
   "outputs": [],
   "source": []
  }
 ],
 "metadata": {
  "kernelspec": {
   "display_name": "Python 3.8.13 ('drake_nightly')",
   "language": "python",
   "name": "python3"
  },
  "language_info": {
   "codemirror_mode": {
    "name": "ipython",
    "version": 3
   },
   "file_extension": ".py",
   "mimetype": "text/x-python",
   "name": "python",
   "nbconvert_exporter": "python",
   "pygments_lexer": "ipython3",
   "version": "3.8.13"
  },
  "orig_nbformat": 4,
  "vscode": {
   "interpreter": {
    "hash": "b93b844ac7c9757e45f058eaddae7f135cd58dfdd5c371d15402a25de772f440"
   }
  }
 },
 "nbformat": 4,
 "nbformat_minor": 2
}
